%YAML:1.0
---
ret : 2.5449956871463439e+00
camera_matrix: !!opencv-matrix
   rows: 3
   cols: 3
   dt: d
   data: [ 1.6546012432476336e+03, 0., 9.7382185973806850e+02, 0.,
       1.6546012432476336e+03, 4.4326827128785874e+02, 0., 0., 1. ]
distortion_coefficients : !!opencv-matrix
   rows: 14
   cols: 1
   dt: d
   data: [ -6.0879797500629955e+00, 3.7546701790079389e+01,
       -1.7481127786973544e-02, 1.1577004633971325e-02,
       -1.6993861417688773e+01, -6.2540536291573723e+00,
       3.7779465033639312e+01, -1.6170389259518110e+01, 0., 0., 0., 0.,
       0., 0. ]
rotation_vectors : !!opencv-matrix
   rows: 32
   cols: 3
   dt: d
   data: [ 2.8389469623356152e+00, 1.7990291221554383e-01,
       2.4057933999352518e-01, -3.1199284485202292e+00,
       -5.3840926619010847e-02, 3.0474208003443280e-02,
       2.6267824807561917e+00, 8.0871198001964600e-02,
       1.3047751742507196e-01, 1.4516016727472243e+00,
       1.4560851557138164e+00, -2.7008257934613572e-01,
       2.4897482749604647e+00, -2.0074761848576910e-02,
       -7.1958042684375889e-01, 2.2851908788493955e+00,
       2.0103758783394338e-01, -4.6564544250108690e-02,
       1.9028672296061564e+00, -1.7029400145421947e+00,
       5.8267851428381445e-01, 2.7748690081827840e+00,
       5.8037512787526287e-02, -3.6266107745595766e-01,
       -3.1241690489350393e+00, -2.1012872032765684e-02,
       -3.7518030488482512e-02, 2.2364563201799394e+00,
       -1.9746445552211171e+00, 3.9234524171559976e-01,
       2.4583648697926161e+00, 5.4687294213115564e-02,
       -1.9146462660231543e-02, 2.6249550592247122e+00,
       1.3129670421049991e-01, -3.0481214364899273e-01,
       2.3337092300192803e+00, 1.7825989492799435e-01,
       2.6846998168123681e-01, 1.4916559650209351e+00,
       1.6397097016458564e+00, -1.8378836992106937e-01,
       2.3813854217886390e+00, 1.7760803996317798e-01,
       3.2220504996451460e-01, 2.5349434423185953e+00,
       2.9441909104212455e-01, 4.1471380036368810e-01,
       -3.0984785880768948e+00, -2.5820321854090805e-01,
       -7.7404429687374807e-02, 1.4761648932490186e+00,
       1.4506748203136215e+00, -1.5871274076924857e-01,
       1.8060336919751971e+00, -1.5677292997966934e+00,
       7.1729642145238881e-01, 2.9824395802535903e+00,
       2.8919770373458092e-01, 3.8605427795786540e-01,
       2.3971866725771500e+00, 8.7473436299582846e-02,
       -2.4188978590750443e-01, 2.3180475761488171e+00,
       9.0142887057853269e-02, -9.6140132721618199e-02,
       -2.9413989914141259e+00, -6.0605543917694862e-02,
       -8.5836198742527091e-03, 2.4817381444029167e+00,
       9.3718988533755210e-02, -4.5699245027927010e-01,
       3.0615182955393596e+00, 4.9313643301659153e-02,
       1.0233506769723082e-01, 2.4378308765139045e+00,
       8.0831419883471978e-02, -5.6110253139653940e-03,
       1.4935198579494982e+00, 1.6886602711804539e+00,
       -9.1353716876349481e-02, 2.4974703981794142e+00,
       1.0940988305175145e-01, -2.3278519254723765e-01,
       2.7771074661659254e+00, -7.1316818719599333e-04,
       3.9695369005993637e-02, 1.9986542342135294e+00,
       -1.7321663455030039e+00, 4.3376182395203500e-01,
       2.5801724694990282e+00, 1.5877690743388095e-01,
       1.4767677822464625e-01, 2.7695366399596968e+00,
       1.5027679600338167e-01, 2.1466545461233050e-01 ]
translation_vectors : !!opencv-matrix
   rows: 32
   cols: 3
   dt: d
   data: [ -7.5204262593687865e+00, 3.4916360318659607e+00,
       1.4714158208259610e+01, -5.4559972283795615e+00,
       3.9290206015806270e+00, 1.6263878699439221e+01,
       -8.4668268665573265e+00, 5.7561535738616136e+00,
       1.4851290333301259e+01, -8.4615024519282045e+00,
       1.8219929692734376e+00, 1.7958392563489980e+01,
       -7.5345422171466518e+00, 4.1075042247621223e+00,
       2.0392841390406847e+01, -6.2759572525071814e+00,
       2.5814851393945895e+00, 2.2460029445585402e+01,
       -1.4896435308793972e+00, 9.6750425545081313e+00,
       1.3880591795245012e+01, -7.4338963621799667e+00,
       4.1746691337973525e+00, 1.8794806079407682e+01,
       -5.9480826527474493e+00, 5.3923571016466934e+00,
       1.5262462388077191e+01, -3.0063664561522541e+00,
       1.3922722695502067e+01, 2.2753083810594831e+01,
       -5.7070611770260768e+00, 3.9606729025033487e+00,
       1.5528234773473082e+01, -4.8243713542358542e+00,
       3.2755568619617117e+00, 2.0770220483500538e+01,
       -6.5055949942372990e+00, 3.0090936104773016e+00,
       1.8367049632639038e+01, -8.2373839176877865e+00,
       -1.2513183853200542e+00, 1.9978950033567621e+01,
       -8.7746579808254914e+00, 3.7059947497344421e+00,
       1.7371673784746591e+01, -6.6410537725918184e+00,
       2.6710732603221610e+00, 1.3729270817621162e+01,
       -7.4978090478087758e+00, 3.6621808693344646e+00,
       1.5978431811218318e+01, -9.4131553668814121e+00,
       4.9061610045529216e+00, 2.0436363867913869e+01,
       -8.2332088437485529e-01, 8.7840222162967159e+00,
       1.3031015082869303e+01, -8.8892660516787281e+00,
       3.6009196591036456e+00, 1.7116823471987118e+01,
       -6.7828603023117910e+00, 3.0524003979838885e+00,
       1.5927031677527237e+01, -7.4836476295005800e+00,
       2.4587668740430675e+00, 1.7823321376466581e+01,
       -6.1809881341479080e+00, 4.7607750191597065e+00,
       1.7497909034523367e+01, -3.7974321866779377e+00,
       3.8323085993923462e+00, 1.8363677920331298e+01,
       -5.3867057391494431e+00, 5.3561132325722447e+00,
       1.9024208115149055e+01, -6.2705706950664402e+00,
       1.4746569665111331e+00, 1.7189410388185049e+01,
       -7.6398484389598105e+00, -1.6202165970105031e+00,
       1.9493995034273983e+01, -4.5976378727961622e+00,
       3.7099250847741083e+00, 1.7031796084662567e+01,
       -7.5332885306265975e+00, 4.7468220368774174e+00,
       1.9745929057946420e+01, -2.6208823340657337e+00,
       1.6888745870250073e+01, 2.0102252455978949e+01,
       -8.0824209500439252e+00, 3.5381671908895531e+00,
       1.4861829617041817e+01, -9.8218229976642011e+00,
       7.0307078961545058e+00, 2.2980829185806140e+01 ]
